image: sim_home_map_cartographer_0.01.pgm
resolution: 0.010000
origin: [-3.690630, -11.703889, 0.000000]
negate: 0
occupied_thresh: 0.65
free_thresh: 0.196

