image: sim_walls_map_0.04.pgm
resolution: 0.040000
origin: [-11.240000, -12.520000, 0.000000]
negate: 0
occupied_thresh: 0.65
free_thresh: 0.196

