image: sim_walls_map_0.02.pgm
resolution: 0.020000
origin: [-11.880000, -15.080000, 0.000000]
negate: 0
occupied_thresh: 0.65
free_thresh: 0.196

