image: sim_walls_map_0.01.pgm
resolution: 0.010000
origin: [-14.120000, -11.560000, 0.000000]
negate: 0
occupied_thresh: 0.65
free_thresh: 0.196

