image: sim_home_map_0.01.pgm
resolution: 0.010000
origin: [-11.880000, -16.040000, 0.000000]
negate: 0
occupied_thresh: 0.65
free_thresh: 0.196

